<?xml version="1.0"?>
<opencv_storage>
<_M1 type_id="opencv-matrix">
  <rows>3</rows>
  <cols>3</cols>
  <dt>d</dt>
  <data>
    1.4862859199527707e+003 0. 8.1461242769915486e+002 0.
    1.4915468541398525e+003 5.3953531894865750e+002 0. 0. 1.</data></_M1>
<_M2 type_id="opencv-matrix">
  <rows>3</rows>
  <cols>3</cols>
  <dt>d</dt>
  <data>
    1.4862859199527707e+003 0. 8.1461242769915486e+002 0.
    1.4915468541398525e+003 5.3953531894865750e+002 0. 0. 1.</data></_M2>
<_D1 type_id="opencv-matrix">
  <rows>1</rows>
  <cols>5</cols>
  <dt>d</dt>
  <data>
    1.4546777659835367e-001 -5.5380550698668873e-001 0. 0.
    5.7769491319443145e-001</data></_D1>
<_D2 type_id="opencv-matrix">
  <rows>1</rows>
  <cols>5</cols>
  <dt>d</dt>
  <data>
    1.1865454986793124e-001 -4.1725760613476154e-001 0. 0.
    2.9218138873492955e-001</data></_D2>
<_R type_id="opencv-matrix">
  <rows>3</rows>
  <cols>3</cols>
  <dt>d</dt>
  <data>
    9.7899907293362176e-001 2.3229738425476716e-002
    -2.0253689650973009e-001 -2.9653789490988333e-002
    9.9914694035678420e-001 -2.8740987187305965e-002
    2.0169647484260436e-001 3.4143386304827265e-002
    9.7885277810695615e-001</data></_R>
<_T type_id="opencv-matrix">
  <rows>3</rows>
  <cols>1</cols>
  <dt>d</dt>
  <data>
    2.2640724579071662e+001 2.6564698343264509e-001 0.</data></_T>
<_E type_id="opencv-matrix">
  <rows>3</rows>
  <cols>3</cols>
  <dt>d</dt>
  <data>
    1.7816535903320979e-001 -4.1886740243342873e+000
    3.8077960468708399e-001 -3.7414599299422147e-001
    -6.6200923063087258e-001 -2.2627951034503006e+001
    -9.1979082917694410e-001 2.2222350543489775e+001
    -5.8561179391930884e-001</data></_E>
<_F type_id="opencv-matrix">
  <rows>3</rows>
  <cols>3</cols>
  <dt>d</dt>
  <data>
    -7.4596218091547663e-008 1.7475739781107831e-006
    -1.1190679003131049e-003 1.5609899399489266e-007
    2.7522540149640869e-007 1.3755926736909759e-002
    5.4892678568423440e-004 -1.5352157392961309e-002 1.</data></_F>
</opencv_storage>
